100 100 4 7
34764 25173 66231 86766 46179 62052 14535 46564 89352 96603 95321 6085 43570 11732 4110 89878 50396 10241 72976 6120 32305 51615 21774 3323 28259 12393 72085 75153 91128 26657 6327 42244 51830 88910 29010 98009 67314 43545 60926 73018 56500 56247 79103 70 67980 99566 6301 34728 26159 79277 40848 74816 47244 78975 94492 91856 91368 66577 83361 98848 93234 6040 41092 45064 11302 70102 59426 78616 30000 20352 67986 86500 76599 63441 2923 60931 63007 9224 95660 5518 4853 52860 80335 68450 31835 74827 60306 23203 41404 60019 22051 50991 66059 63143 12407 77361 33246 71833 72329 79598 
72 93
5 93
89 93
76 72
80 93
57 93
61 5
44 61
37 72
74 57
48 44
65 93
18 72
6 65
43 72
69 89
56 44
19 76
20 57
35 20
95 57
100 6
13 100
28 61
62 61
24 62
7 76
53 74
11 37
22 89
38 48
60 76
50 22
97 35
98 93
67 93
66 93
23 98
31 53
39 44
84 5
52 22
49 61
26 6
68 100
34 37
83 39
78 80
9 50
3 61
17 34
64 18
99 7
14 60
1 93
73 28
70 83
25 24
59 37
79 11
42 56
46 28
27 31
63 93
15 22
77 57
51 100
10 56
54 26
8 46
75 95
45 76
33 83
32 28
36 57
12 46
21 13
29 66
30 70
16 36
81 65
88 23
41 93
90 46
55 84
2 8
58 79
85 27
91 13
96 23
87 95
40 10
4 34
71 37
92 10
86 95
47 34
82 28
94 89
98 10 21969
47 13 53252
100 95 28196
17 8 73227
84 9 3379
89 46 6685
86 75 83376
55 88 34224
46 64 88656
60 18 42199
69 87 43046
34 91 66695
80 88 71741
40 67 66441
48 98 3609
94 36 73344
20 12 69084
7 36 64970
22 44 20876
39 95 57321
78 94 40981
68 89 35101
7 83 4486
25 24 84466
23 85 22805
58 82 64904
21 66 22697
56 88 86768
51 17 48674
98 38 91547
91 71 73386
79 73 48863
13 59 87582
88 77 17741
73 82 12565
6 39 8139
23 88 94796
63 57 88616
79 83 23823
16 31 5426
39 17 75623
11 32 10165
21 66 59395
98 7 11408
31 25 48995
69 64 92119
57 13 14124
13 81 447
95 57 32409
77 83 30887
93 58 69554
76 23 89392
42 18 41854
100 78 15075
24 74 26224
40 93 81754
52 70 62923
84 17 25131
40 78 38795
74 65 68941
31 71 7118
5 16 43062
75 70 25638
52 97 75131
77 21 9282
22 76 40658
91 51 77397
7 34 47000
36 29 38083
100 70 7175
22 40 43348
37 3 54931
7 41 35735
3 24 61509
76 6 60013
51 16 63889
53 13 97962
86 65 43652
66 49 34110
87 76 1745
27 24 93796
29 55 79818
21 43 81906
96 4 9212
53 17 25867
69 59 58094
33 21 54944
98 26 44748
98 36 36285
73 82 68350
96 30 26236
3 100 33414
97 7 16594
100 19 17766
69 38 12061
27 32 25114
99 28 13934
24 28 39566
12 13 65363
45 15 45760
