1000 1000 16 100
22203 11878 50535 60122 18902 4111 80448 95877 10591 60388 95546 675 99970 23498 41907 55636 38511 73089 20215 23315 17581 52322 65431 68254 43414 2378 70686 5566 78539 56606 53916 17094 68484 20803 77216 87386 41266 74017 99616 51857 34405 11514 68884 34375 35012 27144 90011 73523 233 26578 13190 17814 95252 78621 2421 55019 80999 89459 60585 75890 46065 30853 92984 14549 51656 70201 18288 92923 44218 34256 61132 94975 45770 30017 29350 97134 57161 35713 87009 57394 78643 199 91561 73895 78820 93982 45266 76171 83441 5852 52061 29506 53057 61397 60407 4714 31598 78695 97637 92168 12951 58769 87143 75073 88786 16493 72207 45947 68558 59216 19694 47201 75767 11255 37449 70939 5237 82715 47110 5030 4919 15523 34536 57977 76921 11295 62691 24871 89991 76680 17040 19294 51801 20535 10720 56940 53381 99279 19239 21939 58496 38933 69141 50615 50188 22942 21555 71777 5657 85017 76807 10577 541 27695 68554 93814 38991 47597 18685 45334 40629 35725 64628 92430 72613 91700 49370 25994 90980 68610 47933 65828 7543 33426 16443 74084 56368 54350 45861 78378 39368 22669 88955 56261 66716 73861 50075 5707 37810 68760 51041 78439 20838 32022 70869 93451 23722 20240 19445 14702 5202 67378 96882 12745 17157 13326 86829 89877 67676 49043 68255 7044 88064 57210 63305 54780 47423 29732 60488 85233 98493 27881 80024 19331 59903 50894 12782 99978 87486 48579 31032 92688 15957 27915 21785 49466 57593 24967 39344 25269 74010 7599 48666 62074 81162 28323 16854 44937 58056 93694 46523 72901 21576 26547 92232 97831 77441 21366 14161 81279 69945 61546 90319 2254 5813 12105 51721 63406 37072 7417 5027 27434 15016 53693 5860 12530 98369 39066 57468 72777 32761 3991 45678 70689 46890 37910 84872 40684 75628 15386 21963 45573 76932 12283 47827 82745 40740 15900 62503 94164 23317 67530 21598 38334 37576 43810 67216 35945 82876 41036 25074 31989 61379 70752 19030 8270 25014 20255 48954 642 35641 70917 46215 28925 99552 10394 28022 40292 26295 90525 50808 49612 58055 72406 4298 11983 16216 71515 47928 15445 28903 89354 63786 90283 60106 82817 98553 1472 3072 63859 2114 55065 51128 64681 83990 50681 91428 12012 7325 17723 18889 58134 67335 76944 46892 87986 5280 79461 75853 69560 11258 4756 58915 75044 11391 19021 57861 9944 20494 77285 90155 38960 32350 41284 19994 32692 8317 11422 61056 31994 29145 79945 6480 12832 73242 53373 17170 78522 49186 93023 48082 60444 97780 6997 35488 9171 42371 9702 35468 79217 3339 41975 18177 35690 83259 54523 84734 7928 65945 45791 39923 11442 25736 46403 40627 98978 16128 57797 93852 81666 50821 41935 42110 64953 48932 93951 90476 7655 20005 42296 86872 23344 84272 21402 59034 83883 75925 43769 91812 58223 5912 31735 86017 31648 94490 26644 46979 26971 84442 40831 8637 51615 99118 50748 32920 64403 61051 23396 72058 81056 82045 58931 4400 66317 96685 79787 50200 72610 39908 42012 47185 45820 90099 33203 93820 84590 76199 40799 27913 76993 97983 36550 28608 97101 87298 61528 61504 48349 1277 49915 45757 83322 25198 50158 65991 21883 29945 16191 10845 69853 74556 58031 32025 64655 7586 25845 65597 83785 82997 93510 60779 80980 30061 5739 94433 33711 83620 72290 98413 1249 22205 44170 923 47403 10680 66914 85638 40625 83105 96483 26830 74013 70866 58855 55021 78452 1053 20618 78590 84050 30481 55721 65030 76894 77812 59463 26957 77784 48105 25370 79033 70310 85893 79956 34065 96573 46870 19703 53551 46328 16187 96733 36693 87053 71941 91714 81858 72994 28685 76800 57044 59166 48873 38426 36060 43037 14241 63017 20822 62347 4740 99855 32657 6985 96164 66723 3558 59386 2778 73461 22066 18965 70195 58760 22371 58488 50474 20581 31482 79159 13733 4878 54677 62606 43304 7089 21995 57545 86459 42817 36244 91199 59025 68902 98184 55189 51977 18094 30927 71107 91556 52994 90073 78103 28106 28796 36591 94932 65729 84425 74092 79462 89303 45121 58420 48959 52211 80415 22856 38670 39585 59101 46221 98610 44355 60757 70151 12684 78851 1078 83791 86759 70424 90216 81214 14882 19012 17805 9815 1093 18582 259 80555 7885 45380 55327 56844 97591 52095 79701 52613 91680 55154 15186 90290 99509 75943 76793 12193 71147 94223 95984 57906 81000 86201 39121 95882 21565 73278 5697 22659 8213 5956 19566 16098 67689 91246 89295 81632 43341 85348 34246 35021 40502 49432 41663 56363 41728 34808 68556 12875 29031 80892 70781 10031 83445 26254 5914 5011 15885 27963 44022 24098 50272 79940 56548 17961 71186 62195 99593 30879 63895 50191 82252 4397 15976 23915 77112 57704 75075 45668 86931 4107 42913 57712 30490 26358 319 52756 47721 32556 80720 8095 56654 30992 88036 29554 65305 59222 91750 81250 6454 55645 31442 88706 76395 63770 28974 69859 37826 4049 31880 24757 24508 74793 82469 54999 1151 99140 7755 65225 31696 4827 73320 4702 35819 61356 34257 17476 36931 42359 98727 43385 14356 30169 48443 7103 10291 77417 76963 48117 81467 8843 72874 5975 83636 71695 77326 1139 70836 85082 66364 18884 89909 56037 39939 42081 33745 74196 59557 87028 32907 58284 46765 47263 4805 95209 70719 15096 72626 47682 63213 54093 56525 52439 76421 56513 24135 53747 57652 11323 55181 40369 46559 45091 12758 86498 3524 46503 77046 79433 49884 9953 37718 96649 73569 58875 91858 44288 73972 80837 91970 53537 51282 64847 5977 27703 21360 46464 97803 95364 74139 52984 52085 20698 14427 64843 7197 17951 27699 84243 97385 77583 10549 51455 90584 470 10330 82443 44758 654 79632 53080 54192 30914 34279 76521 58618 71991 39337 72773 67355 13476 25757 35793 34174 40185 16988 57723 74488 44687 58319 88225 38622 85220 39680 29207 85690 66363 28002 30448 67017 7634 99880 37561 54900 34159 30434 29870 6150 69771 2643 89857 83247 28401 25650 33774 84938 58991 7849 59426 3678 66168 64004 58653 51388 20036 87860 53430 86399 32214 83878 69769 56200 110 23682 11100 50621 54117 40971 56771 40240 43614 62981 39840 88367 4983 73614 73305 63974 97815 49084 84005 63984 13088 42658 31724 33124 46870 85155 35876 79084 85385 21997 51636 1848 45679 62736 52469 99796 
446 401
750 446
187 750
343 187
70 343
309 70
794 309
741 794
948 741
852 948
492 852
459 492
576 459
663 576
617 663
40 617
177 40
327 177
915 177
479 327
461 479
696 479
836 461
137 696
867 137
763 137
941 867
181 941
371 941
786 181
115 786
120 115
642 786
820 115
964 120
947 642
673 964
784 947
473 673
929 784
86 673
404 929
981 404
781 86
460 404
413 981
286 460
89 413
342 286
46 460
988 413
844 286
886 89
950 844
813 844
951 988
664 844
874 664
505 813
902 664
729 664
249 874
537 664
607 902
379 537
171 729
754 729
799 249
141 537
847 754
174 607
425 174
624 799
726 174
592 174
262 592
118 174
360 624
567 726
304 425
378 624
691 360
905 304
587 304
246 360
4 587
347 691
214 587
30 4
195 587
877 905
123 877
481 214
372 30
429 195
412 347
521 412
151 877
779 30
942 779
918 779
61 481
532 61
884 521
632 429
621 151
27 918
822 621
101 822
88 101
704 621
654 61
270 822
819 270
201 88
394 822
164 27
735 394
269 394
312 164
43 269
387 819
497 164
618 201
339 270
290 269
666 394
980 735
442 164
848 387
986 312
414 497
908 442
288 986
938 848
477 848
645 288
871 666
823 938
368 645
939 645
983 477
380 288
514 983
374 939
96 514
370 514
330 477
523 939
933 380
540 96
126 374
972 939
284 374
136 983
628 374
534 374
538 523
90 540
71 136
265 284
606 330
362 540
160 972
889 136
638 284
872 606
156 136
552 606
391 606
546 638
232 534
661 538
230 889
114 661
430 160
427 156
923 872
221 362
531 160
562 531
58 638
258 638
679 546
103 430
472 232
69 679
653 531
217 103
895 114
967 653
736 69
541 736
530 217
732 430
700 736
818 923
778 258
149 653
467 58
358 679
802 258
630 103
80 630
858 802
139 736
396 139
922 802
83 802
850 83
476 149
112 700
193 149
765 396
297 858
91 630
212 802
440 149
713 802
909 91
539 80
854 713
73 713
928 922
20 476
106 928
480 713
495 539
117 73
264 83
432 20
486 495
384 264
856 20
127 297
488 539
439 212
234 539
835 495
411 854
253 106
716 856
241 488
403 856
888 539
793 127
875 488
516 856
331 488
526 432
340 495
447 856
943 875
752 716
945 526
263 716
503 340
770 241
84 888
753 241
706 127
652 253
443 526
695 943
39 503
677 84
211 875
323 770
743 503
766 706
15 793
557 340
862 652
78 340
672 443
321 706
437 321
660 753
790 943
749 753
390 321
962 945
274 437
350 78
585 78
685 585
37 677
252 753
625 443
243 766
547 743
475 547
375 252
976 685
31 862
579 252
758 321
325 976
582 625
637 274
393 862
159 976
142 274
113 758
409 475
172 790
19 749
569 962
60 579
382 274
774 252
911 243
315 585
586 685
747 393
613 475
415 142
814 252
301 613
946 814
26 243
76 774
337 579
731 31
921 814
182 637
484 586
693 315
18 911
795 921
466 113
438 19
255 637
644 18
958 76
44 693
468 774
686 76
367 382
180 814
924 911
572 44
376 693
336 337
463 76
919 376
318 747
32 337
724 301
496 337
760 415
431 301
682 26
564 367
140 946
53 18
298 431
831 731
282 318
289 32
386 924
189 44
229 44
147 386
402 468
502 336
194 760
287 502
507 255
184 463
200 760
811 147
397 572
655 289
14 919
329 184
248 32
825 336
109 194
199 109
604 109
351 109
85 811
610 140
855 287
206 184
501 604
335 298
424 199
994 351
225 298
178 994
381 282
662 298
153 604
715 610
869 502
982 424
616 715
896 381
975 200
510 287
188 811
900 616
744 248
247 662
470 424
102 744
56 14
303 225
787 501
995 178
240 102
453 397
285 787
837 995
956 351
469 153
725 956
322 188
657 85
669 744
385 240
821 896
600 381
299 385
683 247
595 900
302 956
72 616
408 787
444 600
22 510
676 662
456 837
615 22
231 22
882 240
656 744
703 285
897 247
2 657
168 240
879 469
395 837
260 615
681 676
9 456
863 22
125 247
636 615
508 408
208 676
259 681
797 595
701 9
881 879
816 299
157 395
251 816
204 882
756 725
455 600
916 508
506 408
458 208
912 882
574 506
589 681
528 259
584 2
857 456
306 701
738 302
573 676
223 260
162 157
316 857
619 168
714 619
369 204
326 508
320 863
450 797
165 208
761 162
775 738
190 897
873 157
307 863
166 873
59 307
213 395
746 573
235 9
244 508
471 162
334 916
769 775
198 881
135 198
146 369
688 146
215 881
648 857
880 873
904 320
324 306
989 873
192 912
173 326
840 369
803 223
633 840
490 769
236 769
670 458
812 633
807 648
310 807
352 688
250 316
57 324
363 306
110 326
870 215
520 110
100 190
441 146
845 57
65 873
798 110
154 213
550 633
359 236
222 250
674 803
121 441
124 812
748 746
626 352
665 769
643 324
98 490
29 244
11 236
420 490
128 520
991 420
423 250
3 352
77 198
522 310
898 989
846 423
689 670
712 748
757 880
398 121
7 633
955 121
364 57
12 633
499 626
796 364
868 674
489 128
305 665
314 98
294 846
891 633
292 124
602 124
570 154
705 674
742 314
487 602
361 870
219 870
45 712
990 363
25 420
242 712
130 361
832 77
739 45
723 898
271 487
730 7
549 550
944 77
405 643
54 11
82 128
925 955
524 757
759 11
551 891
129 499
987 128
349 796
399 77
133 399
105 944
697 522
640 742
999 361
209 898
163 405
5 705
996 640
504 349
571 242
353 292
143 955
960 742
419 353
824 999
407 305
767 405
311 45
940 25
94 5
745 742
596 549
866 796
719 944
517 419
849 602
887 82
344 866
10 742
894 407
319 10
658 990
74 361
42 311
355 517
708 487
805 163
599 130
809 996
612 143
333 163
21 739
575 866
751 105
568 719
555 311
620 129
641 568
583 944
228 5
67 549
843 549
597 94
997 894
313 228
383 82
436 209
609 555
167 697
478 436
483 555
276 74
41 568
51 105
773 10
680 67
614 568
603 276
23 319
893 419
737 658
647 680
515 614
801 228
788 517
993 773
968 21
296 849
834 568
216 599
687 478
482 997
233 555
186 333
280 788
416 483
937 658
694 680
910 843
772 788
134 583
295 620
914 834
513 575
634 74
977 482
341 612
491 228
833 801
553 694
13 893
974 583
722 575
771 42
622 687
239 21
710 295
545 603
426 515
878 834
268 722
132 788
601 694
281 893
293 771
931 914
38 968
498 426
170 23
952 993
62 893
17 687
776 710
969 601
859 914
345 341
565 416
435 553
970 622
853 426
434 280
433 974
953 968
535 722
782 687
279 687
800 694
202 17
717 134
354 280
631 801
203 233
783 914
49 295
79 800
755 977
392 968
651 279
205 801
104 833
861 634
8 622
733 694
55 717
50 49
418 953
906 268
63 601
649 233
566 104
721 17
720 649
554 132
266 694
727 651
605 268
449 341
899 79
175 565
389 800
971 434
218 755
417 853
593 50
830 417
485 722
107 485
920 710
6 776
36 733
152 720
542 920
667 605
406 434
377 931
227 38
692 266
789 931
81 392
949 6
33 566
707 720
973 50
95 418
718 17
936 535
144 81
985 218
907 707
464 717
448 906
207 279
740 207
560 692
328 202
474 566
1 377
684 107
191 755
709 717
278 152
338 63
561 692
410 727
979 474
150 389
346 789
851 554
903 79
578 392
932 684
635 328
155 949
348 789
839 554
804 266
454 932
452 448
841 278
935 830
122 593
366 63
934 191
529 278
273 191
842 95
119 207
257 366
808 906
926 841
901 6
75 684
966 830
558 727
580 935
728 346
734 122
829 278
927 95
536 985
668 985
913 935
169 278
161 81
256 122
158 1
511 107
527 227
959 406
116 841
623 511
238 122
179 406
930 842
678 623
28 561
197 623
356 966
984 728
373 804
277 158
365 278
892 692
451 1
917 973
533 348
462 122
588 346
87 623
97 338
690 122
828 635
965 256
92 448
245 690
827 828
675 158
519 92
64 851
428 965
792 926
400 959
183 87
16 678
108 373
465 690
992 277
815 400
762 451
66 365
176 792
509 64
543 808
445 527
826 529
138 841
594 992
639 462
185 932
591 668
890 122
300 917
699 445
860 966
254 373
548 588
764 913
47 930
817 527
711 930
598 277
590 935
148 273
48 699
237 934
544 511
698 728
210 890
52 792
35 519
422 451
421 97
196 179
24 277
577 892
978 580
317 675
563 764
500 826
608 594
494 16
963 827
810 591
267 890
885 300
493 197
954 827
388 860
145 196
357 511
518 885
512 500
261 930
111 930
865 87
99 179
457 494
671 422
559 815
838 457
308 519
998 64
806 764
275 954
646 97
525 838
611 176
556 145
272 275
224 272
777 544
627 519
659 108
93 563
791 810
702 817
34 445
220 548
785 659
226 220
780 465
883 48
768 978
581 512
283 224
629 220
68 792
131 954
864 24
876 52
957 176
961 388
332 422
1000 671
291 421
650 422
466 101 63803
880 140 94865
1 434 48721
881 273 99826
69 864 99315
33 548 1274
413 530 2461
876 256 63932
330 152 97143
1 533 66779
453 688 70995
593 553 49461
378 627 99692
2 453 52044
866 120 23925
765 394 76993
294 207 55025
901 491 79790
52 635 20017
937 766 25346
624 762 51698
177 575 59503
155 619 89095
959 663 17824
78 588 98826
824 933 22043
30 311 21807
873 453 14452
507 470 85353
272 168 87756
385 219 43692
311 722 49668
929 817 84196
592 993 12350
531 819 50308
464 214 13737
126 21 87560
578 474 6942
47 179 35814
214 287 71320
432 980 12943
153 1000 31680
321 196 76990
666 898 81271
836 206 80214
50 295 97744
70 208 43559
895 150 72684
425 316 81261
712 988 5659
43 931 71225
42 963 46008
237 306 89513
134 577 7185
691 791 16850
985 887 33686
192 799 79735
693 835 76804
8 97 72051
995 108 34475
278 333 68186
592 694 33228
897 207 79269
825 392 6857
967 243 28342
854 929 94032
4 16 50369
838 172 84912
286 223 20957
394 51 77964
78 237 76311
771 818 28940
977 439 67531
369 297 1780
963 639 96604
243 24 48571
258 745 71776
781 657 9779
4 614 67968
54 931 11254
642 594 61647
459 534 23076
898 417 8847
546 549 41175
536 154 10895
559 77 51209
303 205 79451
312 336 8060
925 304 13841
207 558 85196
800 557 56601
333 634 12594
102 833 86405
650 360 57302
155 256 81199
231 817 53734
787 269 85293
122 681 58947
426 874 43258
983 422 59183
892 23 33741
525 970 10541
709 375 51225
68 29 23326
675 228 61328
492 962 45482
112 255 57065
792 203 67851
18 813 3973
439 348 33398
814 90 83732
783 631 16623
509 856 71499
537 535 57207
764 863 47627
725 345 53653
332 410 10144
886 262 45607
698 235 51751
46 985 58768
135 717 68206
765 693 69371
972 192 42153
506 752 5661
368 379 33549
713 32 74312
474 529 14389
735 136 22720
321 887 74605
305 655 29654
374 214 30699
66 585 44185
257 91 64301
8 104 42273
738 654 17778
770 318 52146
650 707 7210
785 779 23683
24 736 69418
30 391 81090
243 442 59395
180 628 37120
622 281 98185
725 554 46793
730 333 40153
400 831 42242
106 41 90363
237 76 11012
972 846 66149
362 937 91172
156 684 61201
135 804 60796
415 341 42975
969 486 82596
653 991 1672
483 234 33754
875 597 53153
302 610 90610
148 111 68846
84 283 78818
767 484 66531
922 632 79038
614 607 44172
99 555 42587
90 580 32907
675 334 16559
271 487 78393
232 449 25619
342 296 81920
976 466 49419
812 997 76502
443 36 71620
50 560 71893
956 499 75506
535 406 45605
868 317 55046
706 62 29720
155 33 59990
802 306 89574
267 725 68267
263 580 87243
650 200 24054
562 446 39496
60 952 92897
466 909 66853
134 955 79387
196 675 80607
580 18 7312
885 944 82818
610 211 59619
189 454 32885
740 508 85500
185 357 80149
489 254 93710
397 107 85122
352 847 54587
378 454 84072
747 118 35619
690 937 51199
253 556 29083
706 442 35044
566 294 45584
922 795 48676
527 858 16212
634 980 23700
832 919 33097
285 991 15800
754 611 1529
690 162 50276
598 597 84317
39 994 55569
684 930 67627
478 606 28192
335 171 9465
314 871 87991
232 320 46976
575 472 82159
537 2 41443
698 630 97549
646 947 84238
639 869 93835
569 496 59225
526 688 65908
696 505 10386
919 848 19072
590 177 44386
62 336 89969
415 132 39895
44 681 13431
342 919 94480
210 107 12126
57 332 34116
96 593 89684
600 979 60210
448 51 61905
976 789 51175
311 111 44765
442 6 74826
122 790 75592
393 270 64635
499 748 75328
830 865 46890
422 549 46946
752 111 20042
155 369 91993
295 544 50792
405 309 59767
763 487 1078
552 79 32519
173 66 67993
921 395 75385
785 637 64883
685 583 12064
148 977 82838
516 971 87589
59 763 78095
720 531 82390
206 961 6794
285 480 23908
350 825 14459
744 210 5632
380 93 25904
315 510 93040
291 348 13076
261 937 46223
376 385 70738
258 775 54149
218 921 24868
697 830 74073
874 641 77357
83 273 15707
528 529 80802
37 569 19534
384 646 78848
672 869 11490
56 960 93103
182 109 74478
103 977 31735
932 402 65952
572 760 26000
197 819 79873
77 621 19308
646 155 92835
643 355 45223
863 846 42958
174 949 73629
282 779 48037
610 866 48570
12 818 65672
123 170 55955
941 396 17527
561 704 5075
68 891 28151
422 114 96148
619 72 22142
919 53 52357
697 442 57530
914 13 91812
83 685 12773
253 641 78136
1000 520 65258
703 947 6198
593 450 98111
58 599 44178
129 93 55951
533 450 28570
975 981 87840
987 145 91889
23 270 88802
15 407 60885
886 665 50489
832 216 37488
634 679 41190
584 857 87134
676 160 4191
126 82 51671
458 923 3203
954 812 39529
223 966 92867
629 851 28890
646 340 36256
213 828 16142
891 370 6325
99 856 51310
258 399 30893
340 70 83569
614 626 78046
777 155 71855
742 23 56808
945 265 62030
284 873 82011
464 367 82008
185 45 68220
41 355 71462
439 249 19560
861 818 1169
486 216 44860
992 71 38473
366 879 6601
982 261 5343
855 624 44639
221 632 42274
265 204 35737
620 666 98922
220 226 35314
389 748 32752
604 608 91964
26 434 99801
256 35 95793
516 730 5510
492 369 41492
123 644 56346
327 733 98918
344 7 75535
570 321 21154
669 426 99373
276 742 93761
61 544 98716
448 689 69741
177 199 79996
898 43 7863
893 741 35354
625 660 60829
984 195 36155
304 701 65498
81 426 68419
823 539 62439
366 255 76067
54 348 64127
604 696 49574
647 559 54103
739 266 6000
398 95 80244
944 602 96220
996 452 69203
421 224 34507
959 663 73939
565 730 46761
912 858 85478
607 784 85883
518 887 69839
783 239 62485
229 483 69223
830 704 88973
633 907 97268
856 766 15264
519 58 58684
248 171 53995
457 650 83559
241 885 49823
479 724 32781
718 561 56650
552 785 56784
607 110 94012
514 378 37193
631 642 51826
688 679 22681
859 674 28551
860 585 12799
744 760 88607
468 542 72847
28 544 52326
164 329 49395
625 693 27946
355 887 553
996 713 36418
26 746 86400
699 298 24440
636 449 13650
395 56 39509
288 256 20604
832 934 10423
512 329 87803
204 627 38318
90 532 50943
154 302 39297
252 703 18644
901 495 64022
349 145 13072
756 654 65707
363 610 4454
296 34 45741
976 837 78924
603 507 60787
486 450 68991
788 99 73432
842 96 25938
336 118 65541
480 190 4441
485 250 88141
446 704 5248
479 797 28611
667 74 26906
174 861 82234
975 852 6188
426 637 15673
521 575 79812
990 468 85005
531 909 39340
780 402 89171
835 650 74007
632 261 14453
57 520 20931
917 106 13950
121 294 15475
757 967 76449
683 132 68874
502 137 27746
410 478 17087
811 1 33618
812 9 75749
425 462 47936
296 745 95919
401 695 14975
694 170 65891
12 972 50363
143 846 25471
632 945 17153
461 32 23654
461 2 49415
469 752 82577
282 688 28389
27 607 48165
721 582 52460
243 825 39860
214 189 32905
411 660 30916
355 166 46411
387 172 48042
740 940 91502
491 869 65962
530 610 61783
488 775 77064
421 235 49090
246 447 8163
786 352 53405
797 269 77618
314 32 66028
486 74 62735
777 576 68473
645 890 33212
255 25 49055
381 90 47584
616 532 41072
414 47 44492
766 452 40089
386 422 61874
417 803 68023
842 538 59336
769 363 92173
658 575 15949
683 630 29594
124 567 94200
7 639 41580
54 483 40547
857 573 30961
631 799 62078
785 822 64815
674 159 69231
36 332 72424
962 634 33192
592 580 33849
510 780 68883
148 712 15358
982 260 38717
906 573 47122
57 3 10330
230 818 5960
388 401 49096
72 825 69769
57 17 52804
636 218 64118
767 454 3709
830 164 68218
441 881 98717
13 3 56050
15 686 80308
184 646 33364
584 743 99593
408 864 38333
776 21 41756
346 139 25812
799 200 52799
314 770 565
195 839 59746
549 889 38187
234 197 99551
232 913 5918
326 507 22101
189 840 33685
209 948 29444
699 760 42572
898 911 6917
667 476 24067
505 222 9380
746 761 1574
942 313 80475
207 231 40060
713 332 86291
904 369 968
851 814 21157
962 738 48717
872 655 31416
699 722 5665
272 454 23332
33 381 32188
345 856 71933
575 268 39227
258 560 67433
627 880 72497
792 37 76400
529 107 53602
535 875 29915
608 540 41786
61 224 38836
441 413 48107
648 698 40491
916 277 82835
827 62 13761
706 559 39019
95 311 24997
553 913 84788
427 828 93668
318 966 42202
542 802 87161
306 262 21573
3 753 47014
632 941 93013
693 54 66928
252 425 87754
562 422 72812
827 562 26906
6 230 31458
972 784 34236
125 297 24553
738 871 58446
843 237 51751
135 250 9106
188 179 69737
613 285 17429
386 97 41032
948 355 594
529 165 98772
665 401 32777
313 307 77100
183 753 70577
419 857 61314
669 963 22508
199 700 20642
483 481 85830
932 514 89794
638 460 41179
803 232 57478
555 361 32359
213 462 24375
966 391 20687
174 705 42870
136 566 70640
187 208 80660
19 390 56210
532 184 85045
343 364 39976
926 194 96965
287 553 54767
748 928 96674
138 616 47238
194 838 32203
111 830 68728
319 491 16863
708 701 79049
892 746 89068
607 74 87951
152 40 92646
705 159 85571
984 185 15857
951 424 76956
140 979 39445
970 708 64639
812 571 7749
864 973 89419
962 393 79127
35 696 99370
426 342 91328
937 914 28831
121 123 27887
896 80 12871
875 525 37173
934 516 27313
856 266 70282
180 37 63093
924 516 78308
620 238 68269
313 918 5656
226 750 71081
349 637 68369
780 860 77842
304 34 46737
820 347 39963
437 629 26248
473 74 6104
341 382 91283
578 4 87207
496 660 98178
245 93 490
233 463 96068
93 305 768
126 394 91547
472 710 7850
452 958 47021
877 414 457
258 698 90282
613 257 95622
272 435 48551
365 277 24046
827 345 83642
483 465 38875
228 364 18967
289 567 77444
247 588 8915
660 398 32718
709 680 95594
317 654 92203
103 205 90816
380 604 97087
76 246 14803
893 473 79629
256 792 18463
822 236 78043
410 503 98331
159 221 21929
838 815 54941
843 19 88649
399 835 59318
2 274 32420
600 78 41151
424 59 65227
216 875 54471
803 918 67726
306 601 45548
526 531 51309
693 472 85467
711 473 54656
897 791 54498
522 212 66248
951 715 97602
10 294 48553
236 765 57976
153 492 61191
105 392 68346
635 701 55651
458 168 72176
931 824 46220
721 674 37282
284 274 36178
999 876 89052
292 429 78002
409 406 15363
900 949 19598
291 295 85102
343 298 10207
510 827 16841
685 47 92651
710 330 93581
983 860 11653
211 912 79289
639 915 21287
396 278 51930
697 229 9338
343 331 77589
641 538 2231
467 732 34573
513 383 76434
194 964 82470
54 969 7179
965 258 49514
231 545 90724
861 828 95714
89 518 6110
419 460 32158
309 691 9500
40 265 10140
774 51 38958
89 522 25823
57 53 8016
315 567 38069
211 643 21386
38 358 35968
908 820 80828
367 978 8268
409 830 87039
25 323 43699
76 633 78738
949 456 33863
1 825 69951
920 894 15007
562 632 48321
271 953 7532
90 781 60921
419 402 34180
601 793 88546
923 492 58955
555 582 79979
363 445 44406
187 396 18354
432 755 25355
64 77 31274
16 961 43187
148 234 40458
901 415 45547
693 313 23318
536 620 66918
117 952 19192
913 358 19098
308 65 92460
415 420 63646
843 46 87078
803 233 493
388 691 39860
154 591 2359
467 261 96260
438 531 41304
389 723 64840
99 821 78308
163 282 99221
582 280 13880
979 710 37294
211 203 34136
254 415 28290
196 775 80678
456 387 41831
986 43 16649
60 883 64087
880 544 80475
513 765 26573
145 997 20735
854 292 4668
409 780 25998
175 71 11561
949 101 1814
687 932 91361
730 934 87168
964 21 72505
507 848 66564
623 774 4795
620 861 79660
263 530 54804
42 880 50009
464 441 65769
564 607 41944
848 968 97244
781 488 27931
153 993 8012
1000 909 85975
773 57 56482
634 717 51456
515 873 52075
394 882 44689
187 4 30731
793 948 71194
113 192 63110
952 475 31957
945 487 27089
205 463 96241
261 297 36240
329 753 6365
201 181 10998
435 870 3864
790 953 94609
737 148 94795
280 610 38940
755 567 18404
241 656 20355
55 249 33651
351 841 24856
456 206 31468
988 556 16797
857 772 68349
810 382 36135
309 529 85924
918 469 59660
836 873 70940
843 229 64046
91 880 14286
931 88 40341
489 557 15043
44 706 73498
816 55 485
549 543 40694
77 467 24855
546 480 24163
770 772 34432
350 818 87619
582 456 94461
669 797 83903
577 193 75833
282 691 9321
689 529 11717
231 223 70532
697 78 13080
528 593 50508
299 377 5405
468 996 96175
924 457 75876
72 360 45457
264 545 62478
307 219 42054
835 936 17336
409 820 73024
838 252 61606
430 112 52654
158 518 22182
153 693 73832
609 921 55300
320 379 97223
864 857 72646
434 911 63910
721 599 77216
540 975 29402
143 581 61162
255 236 80999
772 770 45780
816 602 89937
88 902 1089
466 477 90049
674 124 40720
937 34 28935
887 602 80369
862 356 23089
794 518 43981
381 869 72475
150 649 42729
752 938 92852
653 27 19019
130 428 97107
253 148 88924
638 83 40598
591 804 26886
298 246 48772
167 227 95633
35 702 61779
35 784 67159
972 988 50309
998 8 85060
777 467 43064
276 743 5193
710 341 76797
514 579 21786
759 352 33728
337 337 42025
38 116 40543
173 628 77577
161 937 31611
520 349 92582
338 413 77931
80 607 94059
773 756 65334
351 895 37044
54 623 89557
391 1 78667
858 544 32003
485 474 22040
773 437 40565
121 372 47725
534 655 11596
492 715 12933
599 49 57012
493 93 784
468 2 71135
820 669 33188
363 672 98930
188 65 13788
625 982 77624
348 707 24397
2 303 71869
716 236 30402
117 248 54245
209 385 3844
563 520 33688
583 60 61155
607 991 60974
23 779 73689
4 755 93228
710 504 51204
364 374 56551
951 128 19905
550 726 2620
934 922 2736
453 610 57297
513 118 55859
503 444 93441
633 485 18399
739 714 36421
243 918 4424
968 822 70133
95 727 77848
172 699 7798
93 436 33348
703 85 55281
172 296 61086
615 89 67598
452 489 6452
165 910 91436
434 335 174
607 820 89768
333 669 15735
384 819 41182
171 167 20353
255 801 73446
550 887 50500
990 837 12671
478 289 53637
388 77 47088
74 251 2604
893 372 55038
913 107 9996
732 289 38329
250 643 8064
50 441 89234
288 941 55488
124 964 95389
764 953 2378
840 394 94856
443 998 25595
814 388 99020
272 737 85264
561 418 62177
555 482 70260
347 716 42861
639 204 35263
954 945 8550
258 323 63026
651 531 88789
1 478 9981
740 498 26775
476 763 28940
893 292 32211
374 904 94123
441 765 35029
644 28 28375
940 931 57365
615 957 18318
145 98 97576
975 79 58578
824 206 87578
938 146 88670
229 710 39145
484 833 26390
249 215 42115
628 942 75556
558 308 98551
514 978 6491
612 554 18105
42 485 44601
248 63 11575
393 85 50751
454 231 14688
287 973 98269
853 88 71752
794 644 94352
453 196 84980
