10
20
7492 68571 35216 41177 25268 92592 52284 92911 89640 12155 30397 45675 53931 48058 11330 63078 45398 75039 11667 76023 
20
483 57401 75643 63727 74865 68885 38904 64247 54703 13678 68656 62195 98601 3872 3372 23870 12816 72008 33133 18808 
20
515 79882 64483 54446 27940 92166 33876 73339 83557 45544 49362 84041 19297 41357 64120 10514 26595 3024 74761 81298 
20
33054 59769 59845 31655 63641 63217 55525 92809 51577 5010 11617 52092 84893 92453 22890 29185 971 56766 2524 84528 
20
18662 68238 84921 37959 9596 49041 48474 36191 68417 39587 33841 1471 99357 93686 33127 79350 73255 5004 72160 24832 
20
26367 129 93276 11260 92582 16166 56797 93553 72932 59322 94434 91595 43912 95707 45906 53508 44749 94380 6051 29518 
20
50320 56244 47342 49677 49930 80469 29027 23185 1825 17539 64369 44544 17669 57645 55804 10251 73811 12602 20157 63096 
20
88276 14591 54691 32188 10298 597 2049 71399 11330 24452 918 61650 80697 48260 27679 46979 45081 56706 70165 63258 
20
90598 34534 7803 8267 8532 79959 34870 82343 8913 71379 45439 13541 85970 16482 62082 12621 33432 64131 372 61114 
20
4935 17642 39116 85632 82254 66795 32612 43687 23501 19129 23298 30451 70015 31101 38718 78547 27412 89941 77243 36326 
